%YAML:1.0
Yellow: !!opencv-matrix
   rows: 2
   cols: 3
   dt: i
   data: [ 30, 193, 255, 33, 256, 256 ]
Orange: !!opencv-matrix
   rows: 2
   cols: 3
   dt: i
   data: [ 1, 255, 255, 26, 256, 256 ]
Blue: !!opencv-matrix
   rows: 2
   cols: 3
   dt: i
   data: [ 70, 255, 255, 151, 256, 256 ]
HDR: 300
