%YAML:1.0
Blue: !!opencv-matrix
   rows: 2
   cols: 3
   dt: i
   data: [ 97, 238, 230, 360, 256, 256 ]
Green: !!opencv-matrix
   rows: 2
   cols: 3
   dt: i
   data: [ 50, 238, 230, 90, 256, 256 ]
Yellow: !!opencv-matrix
   rows: 2
   cols: 3
   dt: i
   data: [ 13, 198, 242, 51, 256, 256 ]
Orange: !!opencv-matrix
   rows: 2
   cols: 3
   dt: i
   data: [ 0, 248, 252, 11, 256, 256 ]
Red: !!opencv-matrix
   rows: 2
   cols: 3
   dt: i
   data: [ 0, 248, 252, 6, 256, 256 ]
Pink: !!opencv-matrix
   rows: 2
   cols: 3
   dt: i
   data: [ 143, 138, 204, 204, 256, 256 ]
HDR: 289
