%YAML:1.0
---
Robot0: !!opencv-matrix
   rows: 2
   cols: 3
   dt: i
   data: [ 53, 75, 134, 88, 256, 256 ]
Robot2: !!opencv-matrix
   rows: 2
   cols: 3
   dt: i
   data: [ 110, 119, 223, 145, 256, 256 ]
Robot1: !!opencv-matrix
   rows: 2
   cols: 3
   dt: i
   data: [ 130, 69, 146, 159, 256, 256 ]
Orange: !!opencv-matrix
   rows: 2
   cols: 3
   dt: i
   data: [ 0, 233, 175, 15, 256, 256 ]
Yellow: !!opencv-matrix
   rows: 2
   cols: 3
   dt: i
   data: [ 20, 113, 0, 50, 256, 256 ]
Blue: !!opencv-matrix
   rows: 2
   cols: 3
   dt: i
   data: [ 84, 255, 213, 108, 256, 256 ]
