%YAML:1.0
Blue: !!opencv-matrix
   rows: 2
   cols: 3
   dt: i
   data: [ 46, 205, 234, 150, 256, 256 ]
Yellow: !!opencv-matrix
   rows: 2
   cols: 3
   dt: i
   data: [ 4, 225, 198, 56, 256, 256 ]
Orange: !!opencv-matrix
   rows: 2
   cols: 3
   dt: i
   data: [ 0, 240, 246, 4, 256, 256 ]
HDR: 289
