%YAML:1.0
Yellow: !!opencv-matrix
   rows: 2
   cols: 3
   dt: i
   data: [ 9, 73, 112, 102, 256, 162 ]
Blue: !!opencv-matrix
   rows: 2
   cols: 3
   dt: i
   data: [ 171, 213, 253, 243, 244, 256 ]
Orange: !!opencv-matrix
   rows: 2
   cols: 3
   dt: i
   data: [ 0, 171, 77, 20, 256, 176 ]
Red: !!opencv-matrix
   rows: 2
   cols: 3
   dt: i
   data: [ 0, 253, 47, 0, 256, 88 ]
Pink: !!opencv-matrix
   rows: 2
   cols: 3
   dt: i
   data: [ 68, 107, 72, 100, 179, 105 ]
Green: !!opencv-matrix
   rows: 2
   cols: 3
   dt: i
   data: [ 41, 159, 60, 71, 255, 110 ]
