%YAML:1.0
Yellow: !!opencv-matrix
   rows: 2
   cols: 3
   dt: i
   data: [ 14, 70, 95, 40, 226, 169 ]
Orange: !!opencv-matrix
   rows: 2
   cols: 3
   dt: i
   data: [ 4, 228, 103, 27, 256, 175 ]
Blue: !!opencv-matrix
   rows: 2
   cols: 3
   dt: i
   data: [ 171, 213, 253, 243, 244, 256 ]
Red: !!opencv-matrix
   rows: 2
   cols: 3
   dt: i
   data: [ 0, 212, 120, 247, 256, 171 ]
Pink: !!opencv-matrix
   rows: 2
   cols: 3
   dt: i
   data: [ 62, 247, 247, 99, 256, 256 ]
Green: !!opencv-matrix
   rows: 2
   cols: 3
   dt: i
   data: [ 43, 87, 86, 110, 256, 146 ]
HDR: 232
