%YAML:1.0
Yellow: !!opencv-matrix
   rows: 2
   cols: 3
   dt: i
   data: [ 12, 65, 119, 64, 217, 256 ]
Orange: !!opencv-matrix
   rows: 2
   cols: 3
   dt: i
   data: [ 7, 208, 120, 33, 256, 171 ]
Red: !!opencv-matrix
   rows: 2
   cols: 3
   dt: i
   data: [ 0, 217, 104, 360, 256, 252 ]
Pink: !!opencv-matrix
   rows: 2
   cols: 3
   dt: i
   data: [ 75, 201, 71, 110, 256, 120 ]
Green: !!opencv-matrix
   rows: 2
   cols: 3
   dt: i
   data: [ 41, 201, 71, 64, 256, 120 ]
Blue: !!opencv-matrix
   rows: 2
   cols: 3
   dt: i
   data: [ 171, 213, 253, 243, 244, 256 ]
