%YAML:1.0
Blue:
   Min: [ 94., 133., 154., 0. ]
   Max: [ 159., 215., 256., 0. ]
Yellow:
   Min: [ 16., 119., 156., 0. ]
   Max: [ 63., 241., 256., 0. ]
