%YAML:1.0
---
Blue: !!opencv-matrix
   rows: 2
   cols: 3
   dt: i
   data: [ 107, 220, 120, 133, 256, 206 ]
Yellow: !!opencv-matrix
   rows: 2
   cols: 3
   dt: i
   data: [ 20, 216, 150, 64, 256, 256 ]
Orange: !!opencv-matrix
   rows: 2
   cols: 3
   dt: i
   data: [ 0, 243, 143, 15, 256, 186 ]
Robot0: !!opencv-matrix
   rows: 2
   cols: 3
   dt: i
   data: [ 107, 220, 120, 133, 256, 206 ]
Robot1: !!opencv-matrix
   rows: 2
   cols: 3
   dt: i
   data: [ 59, 75, 104, 86, 233, 172 ]
Robot2: !!opencv-matrix
   rows: 2
   cols: 3
   dt: i
   data: [ 150, 203, 120, 206, 256, 256 ]
