%YAML:1.0
Orange: !!opencv-matrix
   rows: 2
   cols: 3
   dt: i
   data: [ 0, 254, 255, 3, 256, 256 ]
Yellow: !!opencv-matrix
   rows: 2
   cols: 3
   dt: i
   data: [ 25, 254, 255, 62, 256, 256 ]
Blue: !!opencv-matrix
   rows: 2
   cols: 3
   dt: i
   data: [ 100, 250, 255, 119, 256, 256 ]
HDR: 148
