%YAML:1.0
---
Orange: !!opencv-matrix
   rows: 2
   cols: 3
   dt: i
   data: [ 0, 88, 211, 18, 253, 256 ]
Blue: !!opencv-matrix
   rows: 2
   cols: 3
   dt: i
   data: [ 91, 102, 174, 112, 256, 256 ]
Yellow: !!opencv-matrix
   rows: 2
   cols: 3
   dt: i
   data: [ 21, 51, 174, 53, 256, 256 ]
Robot0: !!opencv-matrix
   rows: 2
   cols: 3
   dt: i
   data: [ 126, 102, 174, 172, 256, 256 ]
Robot1: !!opencv-matrix
   rows: 2
   cols: 3
   dt: i
   data: [ 36, 51, 174, 82, 256, 256 ]
Robot2: !!opencv-matrix
   rows: 2
   cols: 3
   dt: i
   data: [ 127, 58, 230, 359, 91, 256 ]
