%YAML:1.0
Yellow: !!opencv-matrix
   rows: 2
   cols: 3
   dt: i
   data: [ 11, 253, 235, 45, 256, 256 ]
Blue: !!opencv-matrix
   rows: 2
   cols: 3
   dt: i
   data: [ 97, 238, 230, 360, 256, 256 ]
Orange: !!opencv-matrix
   rows: 2
   cols: 3
   dt: i
   data: [ 0, 248, 252, 11, 256, 256 ]
Red: !!opencv-matrix
   rows: 2
   cols: 3
   dt: i
   data: [ 0, 224, 227, 2, 256, 256 ]
Pink: !!opencv-matrix
   rows: 2
   cols: 3
   dt: i
   data: [ 145, 136, 218, 212, 256, 256 ]
Green: !!opencv-matrix
   rows: 2
   cols: 3
   dt: i
   data: [ 37, 204, 218, 84, 256, 256 ]
HDR: 289
