%YAML:1.0
---
Yellow: !!opencv-matrix
   rows: 2
   cols: 3
   dt: i
   data: [ 12, 29, 104, 71, 192, 169 ]
Orange: !!opencv-matrix
   rows: 2
   cols: 3
   dt: i
   data: [ 0, 164, 30, 15, 256, 162 ]
Red: !!opencv-matrix
   rows: 2
   cols: 3
   dt: i
   data: [ 0, 164, 30, 15, 256, 162 ]
Pink: !!opencv-matrix
   rows: 2
   cols: 3
   dt: i
   data: [ 70, 164, 30, 152, 256, 162 ]
Green: !!opencv-matrix
   rows: 2
   cols: 3
   dt: i
   data: [ 43, 164, 30, 64, 256, 162 ]
Blue: !!opencv-matrix
   rows: 2
   cols: 3
   dt: i
   data: [ 171, 213, 253, 243, 244, 256 ]
