%YAML:1.0
---
Blue: !!opencv-matrix
   rows: 2
   cols: 3
   dt: i
   data: [ 107, 220, 120, 133, 256, 206 ]
Yellow: !!opencv-matrix
   rows: 2
   cols: 3
   dt: i
   data: [ 21, 84, 163, 60, 256, 247 ]
Orange: !!opencv-matrix
   rows: 2
   cols: 3
   dt: i
   data: [ 0, 223, 136, 24, 256, 256 ]
Robot0: !!opencv-matrix
   rows: 2
   cols: 3
   dt: i
   data: [ 98, 183, 128, 146, 256, 221 ]
Robot1: !!opencv-matrix
   rows: 2
   cols: 3
   dt: i
   data: [ 139, 133, 132, 197, 256, 185 ]
Robot2: !!opencv-matrix
   rows: 2
   cols: 3
   dt: i
   data: [ 59, 173, 127, 102, 256, 221 ]
