%YAML:1.0
---
Blue: !!opencv-matrix
   rows: 2
   cols: 3
   dt: i
   data: [ 101, 225, 91, 144, 256, 135 ]
Yellow: !!opencv-matrix
   rows: 2
   cols: 3
   dt: i
   data: [ 18, 0, 117, 49, 256, 188 ]
Orange: !!opencv-matrix
   rows: 2
   cols: 3
   dt: i
   data: [ 0, 0, 120, 4, 256, 145 ]
Red: !!opencv-matrix
   rows: 2
   cols: 3
   dt: i
   data: [ 0, 0, 139, 264, 256, 188 ]
Pink: !!opencv-matrix
   rows: 2
   cols: 3
   dt: i
   data: [ 70, 94, 53, 90, 256, 256 ]
Green: !!opencv-matrix
   rows: 2
   cols: 3
   dt: i
   data: [ 42, 221, 53, 66, 256, 256 ]
