%YAML:1.0
Yellow: !!opencv-matrix
   rows: 2
   cols: 3
   dt: i
   data: [ 2, 239, 255, 48, 256, 256 ]
Blue: !!opencv-matrix
   rows: 2
   cols: 3
   dt: i
   data: [ 105, 174, 250, 137, 256, 256 ]
Orange: !!opencv-matrix
   rows: 2
   cols: 3
   dt: i
   data: [ 0, 255, 250, 9, 256, 256 ]
HDR: 300
