%YAML:1.0
---
Yellow: !!opencv-matrix
   rows: 2
   cols: 3
   dt: i
   data: [ 16, 16, 150, 40, 248, 233 ]
Robot0: !!opencv-matrix
   rows: 2
   cols: 3
   dt: i
   data: [ 107, 65, 122, 148, 185, 156 ]
Robot1: !!opencv-matrix
   rows: 2
   cols: 3
   dt: i
   data: [ 53, 65, 122, 93, 185, 156 ]
Robot2: !!opencv-matrix
   rows: 2
   cols: 3
   dt: i
   data: [ 150, 92, 131, 188, 256, 256 ]
Blue: !!opencv-matrix
   rows: 2
   cols: 3
   dt: i
   data: [ 107, 220, 120, 133, 256, 206 ]
Orange: !!opencv-matrix
   rows: 2
   cols: 3
   dt: i
   data: [ 0, 243, 143, 15, 256, 186 ]
