%YAML:1.0
Red: !!opencv-matrix
   rows: 2
   cols: 3
   dt: i
   data: [ 0, 250, 251, 2, 256, 256 ]
Blue: !!opencv-matrix
   rows: 2
   cols: 3
   dt: i
   data: [ 81, 233, 227, 129, 256, 256 ]
Yellow: !!opencv-matrix
   rows: 2
   cols: 3
   dt: i
   data: [ 6, 233, 170, 54, 256, 256 ]
Orange: !!opencv-matrix
   rows: 2
   cols: 3
   dt: i
   data: [ 0, 233, 218, 0, 256, 256 ]
Pink: !!opencv-matrix
   rows: 2
   cols: 3
   dt: i
   data: [ 132, 78, 196, 283, 256, 256 ]
Green: !!opencv-matrix
   rows: 2
   cols: 3
   dt: i
   data: [ 44, 233, 227, 71, 256, 256 ]
HDR: 300
