%YAML:1.0
Matrix: !!opencv-matrix
   rows: 3
   cols: 3
   dt: d
   data: [ 1.4316784503299096e+00, 8.0540335049619230e-02,
       -1.4402054168820999e+02, -6.1735829501908514e-02,
       1.2492359789919818e+00, -1.4885341509079768e+00,
       2.4109809530577967e-05, 5.5702577331079749e-05, 1. ]
