%YAML:1.0
Matrix: !!opencv-matrix
   rows: 3
   cols: 3
   dt: d
   data: [ 1.2033627091855761e+00, -1.3580086174872398e-02,
       -2.6988270012544010e+01, -2.4426877195860168e-02,
       9.9372302841445248e-01, -2.8695453067078289e+00,
       -1.0955524181946935e-04, -6.4767045344820223e-05, 1. ]
