%YAML:1.0
Matrix: !!opencv-matrix
   rows: 3
   cols: 3
   dt: d
   data: [ 1.0872870046994640e+00, 3.8563338488191455e-02,
       -9.9324974318652721e+00, -2.8053104637842580e-02,
       1.1616130848146675e+00, -1.4874853623515175e+01,
       1.0586133083329115e-04, -2.1604897618242950e-05, 1. ]
