%YAML:1.0
Matrix: !!opencv-matrix
   rows: 3
   cols: 3
   dt: d
   data: [ 1.2675083176935174e+00, -7.5061306409188275e-02,
       -4.6232527784984576e+01, 2.3824050779811382e-02,
       1.0124770401901872e+00, -1.9326823687072714e+01,
       -1.8101336301202203e-05, -1.1916993510133677e-04, 1. ]
