%YAML:1.0
---
Matrix: !!opencv-matrix
   rows: 3
   cols: 3
   dt: d
   data: [ 1.1173415273145146e+00, -2.1347858251337783e-03,
       -4.0167203716444774e+01, -2.2175211527855846e-02,
       1.0755320397340815e+00, -1.3683248076949383e+01,
       -1.2727626429357439e-05, -2.8139858197930227e-05, 1. ]
