%YAML:1.0
---
Matrix: !!opencv-matrix
   rows: 3
   cols: 3
   dt: d
   data: [ 1.1575109492382283e+00, -3.0910087283344844e-03,
       -7.6428966264007627e+01, -7.5032933055285845e-03,
       1.1062359133243436e+00, -4.2375429886257443e+01,
       -1.8358921227182152e-06, -5.5649486017785142e-05, 1. ]
