%YAML:1.0
Matrix: !!opencv-matrix
   rows: 3
   cols: 3
   dt: d
   data: [ 1.4956177741300802e+00, 6.3232887271966465e-02,
       -1.5481594990229169e+02, -5.8121331375561733e-02,
       1.3117022933066138e+00, -2.9442889538212057e+01,
       -3.0201576327720266e-05, 3.5793294164588326e-05, 1. ]
