%YAML:1.0
Matrix: !!opencv-matrix
   rows: 3
   cols: 3
   dt: d
   data: [ 1.4981798654994793e+00, 1.8895969057377365e-02,
       -1.5230983811418156e+02, -1.5664903407597970e-02,
       1.3105476394241808e+00, -4.8823488955142459e+01,
       -2.0282937126031031e-05, 2.5078772058158862e-05, 1. ]
