%YAML:1.0
Matrix: !!opencv-matrix
   rows: 3
   cols: 3
   dt: d
   data: [ 1.2244595533633547e+00, -5.7845058667856976e-02,
       -7.2666091360206721e+01, 8.7096307457086748e-03,
       1.0007347090485041e+00, -2.5766905921562824e+01,
       -2.7890680901253585e-05, -1.0164866820192401e-04, 1. ]
