%YAML:1.0
---
Matrix: !!opencv-matrix
   rows: 3
   cols: 3
   dt: d
   data: [ 1.2784227262965457e+00, 2.1661937823345525e-03,
       -1.3168477488624615e+02, -6.9408502780905837e-03,
       1.2109579649970066e+00, -4.0709814041912090e+01,
       2.0855846200190633e-05, 2.0814485936303981e-07, 1. ]
