%YAML:1.0
Matrix: !!opencv-matrix
   rows: 3
   cols: 3
   dt: d
   data: [ 1.5629756279687632e+00, -5.7048541594036453e-02,
       -1.5533423752961963e+02, 3.3640059042242529e-02,
       1.2890212304007516e+00, -9.1399930095642105e+01,
       -3.3868379998109275e-05, -4.3309131042910045e-06, 1. ]
