%YAML:1.0
Matrix: !!opencv-matrix
   rows: 3
   cols: 3
   dt: d
   data: [ 1.2728402348266659e+00, -5.8196984139091620e-02,
       -5.3119709236458093e+01, 1.3070515158478183e-02,
       1.0173993798390137e+00, -1.7369087195780001e+01,
       -1.8203011867677720e-05, -1.1644081092912323e-04, 1. ]
