%YAML:1.0
---
Matrix: !!opencv-matrix
   rows: 3
   cols: 3
   dt: d
   data: [ 1.0641485604200531e+00, -6.4396947937360269e-02,
       -2.1675653334867086e+01, -1.4049779676431500e-03,
       1.0461676479630482e+00, -3.0249301800177484e+01,
       -1.3146029412568384e-04, -1.0456451246302634e-04, 1. ]
