%YAML:1.0
Matrix: !!opencv-matrix
   rows: 3
   cols: 3
   dt: d
   data: [ 1.3719568455768680e+00, -3.1666801625457659e-02,
       -1.9114932246503761e+02, 2.8429319153569079e-02,
       1.1415027228206813e+00, -5.2038214929060331e+01,
       -1.9583678894932810e-05, 8.6894154845002826e-05, 1. ]
