%YAML:1.0
Matrix: !!opencv-matrix
   rows: 3
   cols: 3
   dt: d
   data: [ 1.0822805431164972e+00, -2.8080289471341932e-02,
       -2.4733165451087590e+01, 1.5604715985736276e-03,
       1.0049533135879647e+00, -1.5570411977274356e+01,
       6.5857847033184020e-05, -1.4716322193778021e-04, 1. ]
