%YAML:1.0
---
Matrix: !!opencv-matrix
   rows: 3
   cols: 3
   dt: d
   data: [ 1.2444141167915241e+00, 1.9665126079591064e-02,
       -1.2324420745220689e+02, -1.4841759431655440e-02,
       1.2127212134575616e+00, -7.8033630662064823e+01,
       -3.2233724280666097e-05, 4.8748598701425907e-05, 1. ]
