%YAML:1.0
Matrix: !!opencv-matrix
   rows: 3
   cols: 3
   dt: d
   data: [ 1.0353589778501284e+00, -3.4966268296414950e-02,
       2.9062287085505033e-02, 1.4686003976733353e-03,
       1.0290462498724660e+00, -4.5681674576483875e+00,
       2.3747963864257114e-05, -2.1434976593911505e-05, 1. ]
