%YAML:1.0
Matrix: !!opencv-matrix
   rows: 3
   cols: 3
   dt: d
   data: [ 1.2463261556699887e+00, -2.2731892189774682e-03,
       -4.9314877941144644e+01, 2.6073261397771830e-02,
       1.0422599763638474e+00, -1.7740459680996640e+01,
       9.8387912730240514e-05, -3.8257764931701737e-05, 1. ]
