%YAML:1.0
---
Matrix: !!opencv-matrix
   rows: 3
   cols: 3
   dt: d
   data: [ 1.1284566717096776e+00, -4.9172713572532584e-02,
       -2.1568709951507557e+01, 2.5500266417761392e-02,
       1.1158619621415808e+00, -3.8455848711664522e+01,
       -4.7238315473477173e-05, -1.7816703439569228e-05, 1. ]
