%YAML:1.0
---
Matrix: !!opencv-matrix
   rows: 3
   cols: 3
   dt: d
   data: [ 1.1419093777682561e+00, -1.5678382929451899e-02,
       -9.1556721891786765e+01, -2.1662639975819323e-03,
       1.1037180621984999e+00, -4.6311460559171316e+01,
       -9.3885602249413415e-06, -4.6425208008951227e-05, 1. ]
