%YAML:1.0
---
Matrix: !!opencv-matrix
   rows: 3
   cols: 3
   dt: d
   data: [ 1.1918685585267128e+00, -8.4383072340184551e-02,
       -2.7880291901794731e+01, 9.2908246946349304e-02,
       1.1679566126660639e+00, -6.0010080446605180e+01,
       -4.8811538739909392e-07, 5.4242805613466826e-05, 1. ]
