%YAML:1.0
---
Matrix: !!opencv-matrix
   rows: 3
   cols: 3
   dt: d
   data: [ 1.1555854246399537e+00, -1.9526426218622536e-02,
       -9.2825439256633089e+01, 5.8523546574441362e-03,
       1.1121287579110870e+00, -5.0276552676232271e+01,
       3.1432256517508759e-06, -3.8282182431974587e-05, 1. ]
