%YAML:1.0
Matrix: !!opencv-matrix
   rows: 3
   cols: 3
   dt: d
   data: [ 1.3022296184357565e+00, 4.2356278196093849e-04,
       -9.3461278144698454e+01, 5.6371273531438861e-03,
       1.1199334855534748e+00, -3.1590740796643843e+01,
       -7.5374236822790965e-05, 1.3177502463326593e-04, 1. ]
