%YAML:1.0
---
Matrix: !!opencv-matrix
   rows: 3
   cols: 3
   dt: d
   data: [ 1.1362597602512321e+00, -4.2143364781142979e-02,
       -2.0220944932383976e+01, 2.7042402976207781e-02,
       1.1116599267955278e+00, -3.4291133611438191e+01,
       -3.6046228550215537e-05, -1.8924023256477714e-05, 1. ]
