%YAML:1.0
Matrix: !!opencv-matrix
   rows: 3
   cols: 3
   dt: d
   data: [ 1.5139079466743444e+00, 7.9152259406249786e-02,
       -1.6145621317441518e+02, -5.8624634651281662e-02,
       1.3443540301406971e+00, -3.3981318900108775e+01,
       -2.7588364942295480e-05, 6.8909141189937333e-05, 1. ]
