%YAML:1.0
Matrix: !!opencv-matrix
   rows: 3
   cols: 3
   dt: d
   data: [ 1.0837298388927783e+00, 1.6187249629348707e-03,
       -3.1750657079881627e+01, -7.4225488836943887e-03,
       1.0416122683970106e+00, -1.0762866807654898e+01,
       9.5060199348009889e-06, -7.0826975187053435e-06, 1. ]
