%YAML:1.0
Matrix: !!opencv-matrix
   rows: 3
   cols: 3
   dt: d
   data: [ 1.0534960762309111e+00, -3.5039156816267625e-02,
       -1.2438681920551094e+01, 1.5618264375195649e-02,
       1.0367955477878461e+00, -2.3956753752966861e+01,
       8.0752634098008037e-06, -2.5700660560288083e-05, 1. ]
