%YAML:1.0
Matrix: !!opencv-matrix
   rows: 3
   cols: 3
   dt: d
   data: [ 1.3405709577963971e+00, 2.9990476650171561e-02,
       -1.3367843554696975e+02, -6.1034213566218222e-02,
       1.1806853456547077e+00, -7.4701219819473792e+00,
       -8.7010645827227806e-05, 7.5770097414045210e-06, 1. ]
