%YAML:1.0
---
Matrix: !!opencv-matrix
   rows: 3
   cols: 3
   dt: d
   data: [ 1.1285582660470848e+00, -2.8458801465558452e-02,
       -2.3204117382567304e+01, 1.7043369846124600e-02,
       1.1212864819385988e+00, -4.7284472827416906e+01,
       -6.1716619712123025e-05, -6.7840014043061823e-07, 1. ]
