%YAML:1.0
Matrix: !!opencv-matrix
   rows: 3
   cols: 3
   dt: d
   data: [ 1.3456336457696547e+00, 2.4728910765693161e-02,
       -5.3320903101191369e+01, 4.7359280935195008e-02,
       1.2532698729438327e+00, -4.3959873700642191e+01,
       -2.3783013419292132e-05, 2.5638036470957087e-04, 1. ]
