%YAML:1.0
---
Matrix: !!opencv-matrix
   rows: 3
   cols: 3
   dt: d
   data: [ 1.2667074948839661e+00, 6.1168948466183530e-04,
       -1.2513694530684924e+02, -8.8133754502339387e-03,
       1.2009232651201893e+00, -2.8892108575987955e+01,
       1.2843667858239842e-05, -1.4389893927360556e-05, 1. ]
