%YAML:1.0
---
Matrix: !!opencv-matrix
   rows: 3
   cols: 3
   dt: d
   data: [ 1.1383459995115712e+00, -3.4632417744100100e-02,
       -2.2961057189675572e+01, 1.3838663873030501e-02,
       1.1006771163540134e+00, -3.1220816677416920e+01,
       -4.7190920355511855e-05, -4.5386605862051846e-06, 1. ]
