%YAML:1.0
---
Matrix: !!opencv-matrix
   rows: 3
   cols: 3
   dt: d
   data: [ 1.1238118945664617e+00, 6.1587310180926093e-02,
       -4.8307420462584410e+01, -7.8041774267007993e-02,
       1.1187535779754763e+00, -1.3474347537907329e+01,
       -8.0713186917908246e-05, 1.3329082761311866e-05, 1. ]
