%YAML:1.0
Matrix: !!opencv-matrix
   rows: 3
   cols: 3
   dt: d
   data: [ 1.1759708201697603e+00, 3.4734257184931483e-03,
       -4.2451362827494791e+01, -9.1716071609384293e-03,
       1.0382878027100075e+00, -7.2743943382187730e+00,
       -5.3540211955200745e-05, 3.3014337291012509e-05,
       9.9999999999999989e-01 ]
