%YAML:1.0
Matrix: !!opencv-matrix
   rows: 3
   cols: 3
   dt: d
   data: [ 1.4985990319210774e+00, 3.4796354229391216e-02,
       -1.5597048495672385e+02, -2.7774342748075893e-02,
       1.3180226618159609e+00, -4.5717463567447965e+01,
       -1.8792906834439764e-05, 1.8654899135564239e-05, 1. ]
