%YAML:1.0
---
Matrix: !!opencv-matrix
   rows: 3
   cols: 3
   dt: d
   data: [ 1.2785085286709659e+00, 4.2402221014701376e-02,
       -1.2858411736489231e+02, -2.4436404894382133e-02,
       1.2430670585408559e+00, -6.8103824680260431e+01,
       -6.0816380686877517e-06, 7.9373015729743599e-05, 1. ]
