%YAML:1.0
Matrix: !!opencv-matrix
   rows: 3
   cols: 3
   dt: d
   data: [ 1.0932128970812449e+00, -2.0147397998275259e-02,
       -9.8143818501390800e+00, 1.5292841880064882e-02,
       1.0872296796510559e+00, -2.5588741822494782e+01,
       1.7927183750778624e-05, 5.1181203104870629e-06, 1. ]
