%YAML:1.0
Matrix: !!opencv-matrix
   rows: 3
   cols: 3
   dt: d
   data: [ 1.0831522464548748e+00, -2.3548285921822063e-03,
       -7.9339418129460419e+00, -7.8545859558456083e-03,
       1.1050143720090442e+00, -4.2445077603532546e+01,
       2.8640657167176834e-06, -2.7238099316390239e-06, 1. ]
