%YAML:1.0
Matrix: !!opencv-matrix
   rows: 3
   cols: 3
   dt: d
   data: [ 1.1196856338487284e+00, 2.5532232889179229e-02,
       -1.6772259340991077e+01, -3.8830995523934202e-03,
       1.1230787797388044e+00, -4.4633969811203805e+01,
       1.5248261256014879e-05, 8.0040020686092622e-05, 1. ]
